1.644553184999999917e+00 9.494813079999999683e-01 2.650501966000000209e+00
1.644553184999999917e+00 9.494813079999999683e-01 7.957322358599999923e+00
1.644553184999999917e+00 9.494813079999999683e-01 1.326414275119999964e+01
1.669400000015031083e-06 3.797928088599999974e+00 2.650501966000000209e+00
1.669400000015031083e-06 3.797928088599999974e+00 7.957322358599999923e+00
1.669400000015031083e-06 3.797928088599999974e+00 1.326414275119999964e+01
4.933656216199999278e+00 9.494813079999999683e-01 2.650501966000000209e+00
4.933656216199999278e+00 9.494813079999999683e-01 7.957322358599999923e+00
4.933656216199999278e+00 9.494813079999999683e-01 1.326414275119999964e+01
3.289104700599999820e+00 3.797928088599999974e+00 2.650501966000000209e+00
3.289104700599999820e+00 3.797928088599999974e+00 7.957322358599999923e+00
3.289104700599999820e+00 3.797928088599999974e+00 1.326414275119999964e+01
