1.644549846199999887e+00 9.494813079999999683e-01 6.380814910000000006e-01
1.644549846199999887e+00 9.494813079999999683e-01 5.944901883600000048e+00
-1.669400000015031083e-06 3.797928088599999974e+00 6.380814910000000006e-01
-1.669400000015031083e-06 3.797928088599999974e+00 5.944901883600000048e+00
4.933652877400000136e+00 9.494813079999999683e-01 6.380814910000000006e-01
4.933652877400000136e+00 9.494813079999999683e-01 5.944901883600000048e+00
3.289101361799999790e+00 3.797928088599999974e+00 6.380814910000000006e-01
3.289101361799999790e+00 3.797928088599999974e+00 5.944901883600000048e+00
8.222755908599999941e+00 9.494813079999999683e-01 6.380814910000000006e-01
8.222755908599999941e+00 9.494813079999999683e-01 5.944901883600000048e+00
6.578204393000000039e+00 3.797928088599999974e+00 6.380814910000000006e-01
6.578204393000000039e+00 3.797928088599999974e+00 5.944901883600000048e+00
1.151185893979999975e+01 9.494813079999999683e-01 6.380814910000000006e-01
1.151185893979999975e+01 9.494813079999999683e-01 5.944901883600000048e+00
9.867307424199999843e+00 3.797928088599999974e+00 6.380814910000000006e-01
9.867307424199999843e+00 3.797928088599999974e+00 5.944901883600000048e+00
1.480096197099999955e+01 9.494813079999999683e-01 6.380814910000000006e-01
1.480096197099999955e+01 9.494813079999999683e-01 5.944901883600000048e+00
1.315641045539999965e+01 3.797928088599999974e+00 6.380814910000000006e-01
1.315641045539999965e+01 3.797928088599999974e+00 5.944901883600000048e+00
