1.644553184999999917e+00 9.494813079999999683e-01 2.650501966000000209e+00
1.644553184999999917e+00 9.494813079999999683e-01 7.957322358599999923e+00
1.669400000015031083e-06 3.797928088599999974e+00 2.650501966000000209e+00
1.669400000015031083e-06 3.797928088599999974e+00 7.957322358599999923e+00
4.933656216199999278e+00 9.494813079999999683e-01 2.650501966000000209e+00
4.933656216199999278e+00 9.494813079999999683e-01 7.957322358599999923e+00
3.289104700599999820e+00 3.797928088599999974e+00 2.650501966000000209e+00
3.289104700599999820e+00 3.797928088599999974e+00 7.957322358599999923e+00
8.222759247399999083e+00 9.494813079999999683e-01 2.650501966000000209e+00
8.222759247399999083e+00 9.494813079999999683e-01 7.957322358599999923e+00
6.578207731799999181e+00 3.797928088599999974e+00 2.650501966000000209e+00
6.578207731799999181e+00 3.797928088599999974e+00 7.957322358599999923e+00
1.151186227859999889e+01 9.494813079999999683e-01 2.650501966000000209e+00
1.151186227859999889e+01 9.494813079999999683e-01 7.957322358599999923e+00
9.867310762999998985e+00 3.797928088599999974e+00 2.650501966000000209e+00
9.867310762999998985e+00 3.797928088599999974e+00 7.957322358599999923e+00
1.480096530979999869e+01 9.494813079999999683e-01 2.650501966000000209e+00
1.480096530979999869e+01 9.494813079999999683e-01 7.957322358599999923e+00
1.315641379419999879e+01 3.797928088599999974e+00 2.650501966000000209e+00
1.315641379419999879e+01 3.797928088599999974e+00 7.957322358599999923e+00
1.809006834099999850e+01 9.494813079999999683e-01 2.650501966000000209e+00
1.809006834099999850e+01 9.494813079999999683e-01 7.957322358599999923e+00
1.644551682539999860e+01 3.797928088599999974e+00 2.650501966000000209e+00
1.644551682539999860e+01 3.797928088599999974e+00 7.957322358599999923e+00
