0.000000000000000000e+00 1.898965478000000040e+00 5.303912162999999680e+00
0.000000000000000000e+00 1.898965478000000040e+00 1.061073255559999851e+01
-1.644551515599999902e+00 4.747412258599999824e+00 5.303912162999999680e+00
-1.644551515599999902e+00 4.747412258599999824e+00 1.061073255559999851e+01
3.289103031199999805e+00 1.898965478000000040e+00 5.303912162999999680e+00
3.289103031199999805e+00 1.898965478000000040e+00 1.061073255559999851e+01
1.644551515599999902e+00 4.747412258599999824e+00 5.303912162999999680e+00
1.644551515599999902e+00 4.747412258599999824e+00 1.061073255559999851e+01
6.578206062399999610e+00 1.898965478000000040e+00 5.303912162999999680e+00
6.578206062399999610e+00 1.898965478000000040e+00 1.061073255559999851e+01
4.933654546799999707e+00 4.747412258599999824e+00 5.303912162999999680e+00
4.933654546799999707e+00 4.747412258599999824e+00 1.061073255559999851e+01
9.867309093599999414e+00 1.898965478000000040e+00 5.303912162999999680e+00
9.867309093599999414e+00 1.898965478000000040e+00 1.061073255559999851e+01
8.222757577999999512e+00 4.747412258599999824e+00 5.303912162999999680e+00
8.222757577999999512e+00 4.747412258599999824e+00 1.061073255559999851e+01
1.315641212479999922e+01 1.898965478000000040e+00 5.303912162999999680e+00
1.315641212479999922e+01 1.898965478000000040e+00 1.061073255559999851e+01
1.151186060919999932e+01 4.747412258599999824e+00 5.303912162999999680e+00
1.151186060919999932e+01 4.747412258599999824e+00 1.061073255559999851e+01
1.644551515599999902e+01 1.898965478000000040e+00 5.303912162999999680e+00
1.644551515599999902e+01 1.898965478000000040e+00 1.061073255559999851e+01
1.480096364039999912e+01 4.747412258599999824e+00 5.303912162999999680e+00
1.480096364039999912e+01 4.747412258599999824e+00 1.061073255559999851e+01
1.973461818719999883e+01 1.898965478000000040e+00 5.303912162999999680e+00
1.973461818719999883e+01 1.898965478000000040e+00 1.061073255559999851e+01
1.809006667159999893e+01 4.747412258599999824e+00 5.303912162999999680e+00
1.809006667159999893e+01 4.747412258599999824e+00 1.061073255559999851e+01
2.302372121839999863e+01 1.898965478000000040e+00 5.303912162999999680e+00
2.302372121839999863e+01 1.898965478000000040e+00 1.061073255559999851e+01
2.137916970279999873e+01 4.747412258599999824e+00 5.303912162999999680e+00
2.137916970279999873e+01 4.747412258599999824e+00 1.061073255559999851e+01
