0.000000000000000000e+00 1.898965478000000040e+00 3.291491746999999801e+00
0.000000000000000000e+00 1.898965478000000040e+00 8.598312139599999071e+00
-1.644551515599999902e+00 4.747412258599999824e+00 3.291491746999999801e+00
-1.644551515599999902e+00 4.747412258599999824e+00 8.598312139599999071e+00
3.289103031199999805e+00 1.898965478000000040e+00 3.291491746999999801e+00
3.289103031199999805e+00 1.898965478000000040e+00 8.598312139599999071e+00
1.644551515599999902e+00 4.747412258599999824e+00 3.291491746999999801e+00
1.644551515599999902e+00 4.747412258599999824e+00 8.598312139599999071e+00
6.578206062399999610e+00 1.898965478000000040e+00 3.291491746999999801e+00
6.578206062399999610e+00 1.898965478000000040e+00 8.598312139599999071e+00
4.933654546799999707e+00 4.747412258599999824e+00 3.291491746999999801e+00
4.933654546799999707e+00 4.747412258599999824e+00 8.598312139599999071e+00
9.867309093599999414e+00 1.898965478000000040e+00 3.291491746999999801e+00
9.867309093599999414e+00 1.898965478000000040e+00 8.598312139599999071e+00
8.222757577999999512e+00 4.747412258599999824e+00 3.291491746999999801e+00
8.222757577999999512e+00 4.747412258599999824e+00 8.598312139599999071e+00
1.315641212479999922e+01 1.898965478000000040e+00 3.291491746999999801e+00
1.315641212479999922e+01 1.898965478000000040e+00 8.598312139599999071e+00
1.151186060919999932e+01 4.747412258599999824e+00 3.291491746999999801e+00
1.151186060919999932e+01 4.747412258599999824e+00 8.598312139599999071e+00
