0.000000000000000000e+00 0.000000000000000000e+00 0.000000000000000000e+00
0.000000000000000000e+00 0.000000000000000000e+00 5.691693782799999823e+00
0.000000000000000000e+00 0.000000000000000000e+00 1.138338756559999965e+01
0.000000000000000000e+00 0.000000000000000000e+00 1.707508134839999769e+01
0.000000000000000000e+00 0.000000000000000000e+00 2.276677513119999929e+01
0.000000000000000000e+00 2.845846890999999879e+00 2.845846889999999796e+00
0.000000000000000000e+00 2.845846890999999879e+00 8.537540672799998731e+00
0.000000000000000000e+00 2.845846890999999879e+00 1.422923445560000033e+01
0.000000000000000000e+00 2.845846890999999879e+00 1.992092823839999838e+01
0.000000000000000000e+00 2.845846890999999879e+00 2.561262202119999998e+01
2.845846890999999879e+00 0.000000000000000000e+00 2.845846889999999796e+00
2.845846890999999879e+00 0.000000000000000000e+00 8.537540672799998731e+00
2.845846890999999879e+00 0.000000000000000000e+00 1.422923445560000033e+01
2.845846890999999879e+00 0.000000000000000000e+00 1.992092823839999838e+01
2.845846890999999879e+00 0.000000000000000000e+00 2.561262202119999998e+01
2.845846890999999879e+00 2.845846890999999879e+00 0.000000000000000000e+00
2.845846890999999879e+00 2.845846890999999879e+00 5.691693782799999823e+00
2.845846890999999879e+00 2.845846890999999879e+00 1.138338756559999965e+01
2.845846890999999879e+00 2.845846890999999879e+00 1.707508134839999769e+01
2.845846890999999879e+00 2.845846890999999879e+00 2.276677513119999929e+01
0.000000000000000000e+00 0.000000000000000000e+00 2.845846889999999796e+00
0.000000000000000000e+00 0.000000000000000000e+00 8.537540672799998731e+00
0.000000000000000000e+00 0.000000000000000000e+00 1.422923445560000033e+01
0.000000000000000000e+00 0.000000000000000000e+00 1.992092823839999838e+01
0.000000000000000000e+00 0.000000000000000000e+00 2.561262202119999998e+01
2.845846890999999879e+00 0.000000000000000000e+00 0.000000000000000000e+00
2.845846890999999879e+00 0.000000000000000000e+00 5.691693782799999823e+00
2.845846890999999879e+00 0.000000000000000000e+00 1.138338756559999965e+01
2.845846890999999879e+00 0.000000000000000000e+00 1.707508134839999769e+01
2.845846890999999879e+00 0.000000000000000000e+00 2.276677513119999929e+01
0.000000000000000000e+00 2.845846890999999879e+00 0.000000000000000000e+00
0.000000000000000000e+00 2.845846890999999879e+00 5.691693782799999823e+00
0.000000000000000000e+00 2.845846890999999879e+00 1.138338756559999965e+01
0.000000000000000000e+00 2.845846890999999879e+00 1.707508134839999769e+01
0.000000000000000000e+00 2.845846890999999879e+00 2.276677513119999929e+01
2.845846890999999879e+00 2.845846890999999879e+00 2.845846889999999796e+00
2.845846890999999879e+00 2.845846890999999879e+00 8.537540672799998731e+00
2.845846890999999879e+00 2.845846890999999879e+00 1.422923445560000033e+01
2.845846890999999879e+00 2.845846890999999879e+00 1.992092823839999838e+01
2.845846890999999879e+00 2.845846890999999879e+00 2.561262202119999998e+01
