-1.644553184999999917e+00 9.494813079999999683e-01 5.944901883600000048e+00
1.644549846199999887e+00 9.494813079999999683e-01 5.944901883600000048e+00
-3.289104700599999820e+00 3.797928088599999974e+00 5.944901883600000048e+00
-1.669400000015031083e-06 3.797928088599999974e+00 5.944901883600000048e+00
-1.644553184999999917e+00 9.494813079999999683e-01 1.125172227619999887e+01
1.644549846199999887e+00 9.494813079999999683e-01 1.125172227619999887e+01
-3.289104700599999820e+00 3.797928088599999974e+00 1.125172227619999887e+01
-1.669400000015031083e-06 3.797928088599999974e+00 1.125172227619999887e+01
-1.644553184999999917e+00 9.494813079999999683e-01 1.655854266880000125e+01
1.644549846199999887e+00 9.494813079999999683e-01 1.655854266880000125e+01
-3.289104700599999820e+00 3.797928088599999974e+00 1.655854266880000125e+01
-1.669400000015031083e-06 3.797928088599999974e+00 1.655854266880000125e+01
-1.644553184999999917e+00 9.494813079999999683e-01 2.186536306140000008e+01
1.644549846199999887e+00 9.494813079999999683e-01 2.186536306140000008e+01
-3.289104700599999820e+00 3.797928088599999974e+00 2.186536306140000008e+01
-1.669400000015031083e-06 3.797928088599999974e+00 2.186536306140000008e+01
-1.644553184999999917e+00 9.494813079999999683e-01 2.717218345399999890e+01
1.644549846199999887e+00 9.494813079999999683e-01 2.717218345399999890e+01
-3.289104700599999820e+00 3.797928088599999974e+00 2.717218345399999890e+01
-1.669400000015031083e-06 3.797928088599999974e+00 2.717218345399999890e+01
-1.644553184999999917e+00 9.494813079999999683e-01 3.247900384660000128e+01
1.644549846199999887e+00 9.494813079999999683e-01 3.247900384660000128e+01
-3.289104700599999820e+00 3.797928088599999974e+00 3.247900384660000128e+01
-1.669400000015031083e-06 3.797928088599999974e+00 3.247900384660000128e+01
-1.644553184999999917e+00 9.494813079999999683e-01 3.778582423919999655e+01
1.644549846199999887e+00 9.494813079999999683e-01 3.778582423919999655e+01
-3.289104700599999820e+00 3.797928088599999974e+00 3.778582423919999655e+01
-1.669400000015031083e-06 3.797928088599999974e+00 3.778582423919999655e+01
-1.644553184999999917e+00 9.494813079999999683e-01 4.309264463179999893e+01
1.644549846199999887e+00 9.494813079999999683e-01 4.309264463179999893e+01
-3.289104700599999820e+00 3.797928088599999974e+00 4.309264463179999893e+01
-1.669400000015031083e-06 3.797928088599999974e+00 4.309264463179999893e+01
