0.000000000000000000e+00 1.898965478000000040e+00 3.291491746999999801e+00
3.289103031199999805e+00 1.898965478000000040e+00 3.291491746999999801e+00
-1.644551515599999902e+00 4.747412258599999824e+00 3.291491746999999801e+00
1.644551515599999902e+00 4.747412258599999824e+00 3.291491746999999801e+00
0.000000000000000000e+00 1.898965478000000040e+00 8.598312139599999071e+00
3.289103031199999805e+00 1.898965478000000040e+00 8.598312139599999071e+00
-1.644551515599999902e+00 4.747412258599999824e+00 8.598312139599999071e+00
1.644551515599999902e+00 4.747412258599999824e+00 8.598312139599999071e+00
0.000000000000000000e+00 1.898965478000000040e+00 1.390513253219999967e+01
3.289103031199999805e+00 1.898965478000000040e+00 1.390513253219999967e+01
-1.644551515599999902e+00 4.747412258599999824e+00 1.390513253219999967e+01
1.644551515599999902e+00 4.747412258599999824e+00 1.390513253219999967e+01
0.000000000000000000e+00 1.898965478000000040e+00 1.921195292479999850e+01
3.289103031199999805e+00 1.898965478000000040e+00 1.921195292479999850e+01
-1.644551515599999902e+00 4.747412258599999824e+00 1.921195292479999850e+01
1.644551515599999902e+00 4.747412258599999824e+00 1.921195292479999850e+01
0.000000000000000000e+00 1.898965478000000040e+00 2.451877331739999732e+01
3.289103031199999805e+00 1.898965478000000040e+00 2.451877331739999732e+01
-1.644551515599999902e+00 4.747412258599999824e+00 2.451877331739999732e+01
1.644551515599999902e+00 4.747412258599999824e+00 2.451877331739999732e+01
0.000000000000000000e+00 1.898965478000000040e+00 2.982559370999999615e+01
3.289103031199999805e+00 1.898965478000000040e+00 2.982559370999999615e+01
-1.644551515599999902e+00 4.747412258599999824e+00 2.982559370999999615e+01
1.644551515599999902e+00 4.747412258599999824e+00 2.982559370999999615e+01
0.000000000000000000e+00 1.898965478000000040e+00 3.513241410260000208e+01
3.289103031199999805e+00 1.898965478000000040e+00 3.513241410260000208e+01
-1.644551515599999902e+00 4.747412258599999824e+00 3.513241410260000208e+01
1.644551515599999902e+00 4.747412258599999824e+00 3.513241410260000208e+01
0.000000000000000000e+00 1.898965478000000040e+00 4.043923449519999735e+01
3.289103031199999805e+00 1.898965478000000040e+00 4.043923449519999735e+01
-1.644551515599999902e+00 4.747412258599999824e+00 4.043923449519999735e+01
1.644551515599999902e+00 4.747412258599999824e+00 4.043923449519999735e+01
0.000000000000000000e+00 1.898965478000000040e+00 4.574605488779999973e+01
3.289103031199999805e+00 1.898965478000000040e+00 4.574605488779999973e+01
-1.644551515599999902e+00 4.747412258599999824e+00 4.574605488779999973e+01
1.644551515599999902e+00 4.747412258599999824e+00 4.574605488779999973e+01
