0.000000000000000000e+00 1.898965478000000040e+00 5.303912162999999680e+00
3.289103031199999805e+00 1.898965478000000040e+00 5.303912162999999680e+00
-1.644551515599999902e+00 4.747412258599999824e+00 5.303912162999999680e+00
1.644551515599999902e+00 4.747412258599999824e+00 5.303912162999999680e+00
0.000000000000000000e+00 1.898965478000000040e+00 1.061073255559999851e+01
3.289103031199999805e+00 1.898965478000000040e+00 1.061073255559999851e+01
-1.644551515599999902e+00 4.747412258599999824e+00 1.061073255559999851e+01
1.644551515599999902e+00 4.747412258599999824e+00 1.061073255559999851e+01
0.000000000000000000e+00 1.898965478000000040e+00 1.591755294819999911e+01
3.289103031199999805e+00 1.898965478000000040e+00 1.591755294819999911e+01
-1.644551515599999902e+00 4.747412258599999824e+00 1.591755294819999911e+01
1.644551515599999902e+00 4.747412258599999824e+00 1.591755294819999911e+01
